1691458297650508032
1691458297982768640
1691458298315751168
1691458298649586944
1691458299001959936
1691458299110550784
1691458299227233536
1691458299335463424
1691458299443813120
1691458299552131840
1691458299660496384
1691458299768806656
1691458299885482496
1691458299993803264
1691458300102135040
1691458300210472448
1691458300327186688
1691458300435463424
1691458300543860992
1691458300652268544
1691458300761856512
1691458300868613120
1691458300983975424
1691458301100648704
1691458301208986624
1691458301317339136
1691458301425675264
1691458301542344960
1691458301650662144
1691458301758979328
1691458301867361280
1691458301975787008
1691458302092337920
1691458302200738048
1691458302309095936
1691458302417422080
1691458302525705728
1691458302642365184
1691458302750766592
1691458302859095552
1691458302967428608
1691458303075742208
1691458303192437504
1691458303300851712
1691458303409145344
1691458303517454080
1691458303634185728
1691458303742496256
1691458303850937088
1691458303959171328
1691458304075870208
1691458304184258048
1691458304292727296
1691458304400886784
1691458304517550080
1691458304625858304
1691458304734204416
1691458304842525952
1691458304950910720
1691458305067564288
1691458305175893504
1691458305284317696
1691458305392595200
1691458305509249280
1691458305617600512
1691458305725918976
1691458305834283264
1691458305950944256
1691458306059404032
1691458306167621120
1691458306276109312
1691458306384283392
1691458306501144320
1691458306609280768
1691458306717902592
1691458306826049024
1691458306942649600
1691458307050975232
1691458307159336704
1691458307267670016
1691458307375996160
1691458307492631296
1691458307600998912
1691458307709290496
1691458307817675776
1691458307934350080
1691458308042690048
1691458308151087872
1691458308259347200
1691458308376133632
1691458308484428800
1691458308592673280
1691458308701061376
1691458308817741056
1691458308926494464
1691458309034418688
1691458309142713856
1691458309251068160
1691458309359498752
1691458309476055808
1691458309584416256
1691458309692739328
1691458309801108992
1691458309917768192
1691458310026146560
1691458310134633472
1691458310242862592
1691458310351240704
1691458310467798528
1691458310576097024
1691458310684499200
1691458310792772352
1691458310901168384
1691458311017798400
1691458311126162432
1691458311234490112
1691458311342804480
1691458311459631104
1691458311567834880
1691458311676248320
1691458311784532480
1691458311892964096
1691458312009496832
1691458312117930496
1691458312226323712
1691458312342861056
1691458312451199488
1691458312559508992
1691458312667869696
1691458312776342784
1691458312892838912
1691458313001244672
1691458313109670144
1691458313217922816
1691458313326219520
1691458313442895872
1691458313551299584
1691458313659633152
1691458313768014080
1691458313884619520
1691458313993004288
1691458314101312768
1691458314209593856
1691458314318330880
1691458314434630656
1691458314543004416
1691458314651439104
1691458314759810560
1691458314876286976
1691458314984677376
1691458315092954112
1691458315201350912
1691458315309678080
1691458315426345728
1691458315534692864
1691458315643008768
1691458315751401984
1691458315859685376
1691458315976387840
1691458316084741120
1691458316193044224
1691458316301427968
1691458316409870592
1691458316526589696
1691458316634817536
1691458316743035392
1691458316851448576
1691458316959715328
1691458317068154880
1691458317176439040
1691458317284831232
1691458317393361408
1691458317509749760
1691458317618152192
1691458317726404096
1691458317834830336
1691458317943262208
1691458318051524096
1691458318159991296
1691458318268254976
1691458318376484352
1691458318493171200
1691458318601531904
1691458318709869824
1691458318818210304
1691458318926496512
1691458319034951680
1691458319151584256
1691458319259851520
1691458319368276224
1691458319476518912
1691458319584974848
1691458319693255680
1691458319801658368
1691458319918290176
1691458320026840320
1691458320134991360
1691458320243214080
1691458320351907072
1691458320459913216
1691458320568415488
1691458320676625408
1691458320793254912
1691458320901692160
1691458321009963008
1691458321118396160
1691458321235024384
1691458321343292928
1691458321451724544
1691458321559934976
1691458321668404992
1691458321785216000
1691458321893266176
1691458322001782528
1691458322109994240
1691458322218484224
1691458322335080192
1691458322443660288
1691458322551739904
1691458322659981568
1691458322768481792
1691458322876740352
1691458322993378816
1691458323101796352
1691458323210056192
1691458323318466816
1691458323427012096
1691458323535188992
1691458323643907072
1691458323751922176
1691458323862841344
1691458323970900992
1691458324087675904
1691458324196011008
1691458324304397312
1691458324412673792
1691458324521099776
1691458324637600256
1691458324745962496
1691458324854217728
1691458324962703104
1691458325070910208
1691458325179344128
1691458325287590656
1691458325404290304
1691458325512903680
1691458325620933376
1691458325729486592
1691458325837893376
1691458325946164224
1691458326054342912
1691458326162729216
1691458326279401216
1691458326387642112
1691458326496177152
1691458326604670720
1691458326712827392
1691458326829525504
1691458326937731072
1691458327046191104
1691458327154646528
1691458327263003648
1691458327379516416
1691458327487783680
1691458327596469760
1691458327704484608
1691458327812864512
1691458327921138432
1691458328029562112
1691458328137816576
1691458328246338304
1691458328354526976
1691458328471443200
1691458328579563008
1691458328687847424
1691458328796312064
1691458328904511488
1691458329013191680
1691458329129577216
1691458329238038528
1691458329346286080
1691458329454820864
1691458329562992896
1691458329671206912
1691458329780239104
1691458329887967488
1691458330004570368
1691458330112963584
1691458330221556992
1691458330329619712
1691458330438247680
1691458330546357504
1691458330654685696
1691458330771272704
1691458330879822080
1691458330987958272
1691458331096461568
1691458331213084160
1691458331321303808
1691458331429987328
1691458331537999104
1691458331646647296
1691458331754731776
1691458331863432448
1691458331979836160
1691458332088019200
1691458332196480000
1691458332304696832
1691458332413245440
1691458332529817088
1691458332638077440
1691458332746550528
1691458332854742016
1691458332963211776
1691458333071461888
1691458333188069888
1691458333296643072
1691458333404834048
1691458333513281536
1691458333621435392
1691458333729889792
1691458333838163968
1691458333946626304
1691458334054825472
1691458334171444736
1691458334280081664
1691458334388133632
1691458334496832000
1691458334604991232
1691458334713321984
1691458334829902848
1691458334938178304
1691458335046597120
1691458335155084800
1691458335263254016
1691458335371557376
1691458335480058112
1691458335596649216
1691458335704880896
1691458335813510656
1691458335921556992
1691458336029982208
1691458336138572288
1691458336246642688
1691458336363707392
1691458336471551744
1691458336580189184
1691458336688300288
1691458336796740096
1691458336904936192
1691458337013572864
1691458337121653504
1691458337238288640
1691458337346734848
1691458337455191552
1691458337563409408
1691458337671635200
1691458337780184832
1691458337896724992
1691458338005003520
1691458338113436672
1691458338221937664
1691458338330117376
1691458338446870784
1691458338554943488
1691458338663454208
1691458338771662592
1691458338880069376
1691458338988349440
1691458339096794880
1691458339205110272
1691458339313678848
1691458339421739008
1691458339538380544
1691458339646882304
1691458339754982912
1691458339863480576
1691458339972111616
1691458340080169472
1691458340188410624
1691458340297124352
1691458340413452544
1691458340522049792
1691458340630359296
1691458340738752768
1691458340846965760
1691458340963492608
1691458341071757568
1691458341180246016
1691458341288502272
1691458341396940288
1691458341513513728
1691458341621817088
1691458341730217216
1691458341838529280
1691458341955125760
1691458342063561472
1691458342172166400
1691458342280335360
1691458342396933120
1691458342505657856
1691458342613835008
1691458342722343936
1691458342830397184
1691458342947001856
1691458343055216640
1691458343163623680
1691458343271960064
1691458343380429312
1691458343496986880
1691458343605296384
1691458343713665024
1691458343821908736
1691458343938608384
1691458344047030016
1691458344155240448
1691458344263710464
1691458344372021504
1691458344488626176
1691458344597383680
1691458344705297920
1691458344813801216
1691458344922378240
1691458345038754560
1691458345147197440
1691458345255350528
1691458345363775744
1691458345472126464
1691458345580564480
1691458345689158400
1691458345797625088
1691458345913771008
1691458346022108416
1691458346130854912
1691458346238735872
1691458346355433216
1691458346464398080
1691458346572085504
1691458346680482560
1691458346788739328
1691458346897706752
1691458347005498624
1691458347114134784
1691458347222271744
1691458347330678528
1691458347447302144
1691458347555482368
1691458347664348672
1691458347772212992
1691458347880635904
1691458347988832256
1691458348097282304
1691458348205528576
1691458348322279936
1691458348430840064
